ID,Data,Time
test1 ,[[0.1]
 [0.1]
 [0.1]
 [0.1]
 [0.1]
 [0.1]
 [0.1]
 [0.1]
 [0.1]
 [0.1]
 [0.1]
 [0.1]
 [0.1]
 [0.1]
 [0.1]
 [0.1]
 [0.1]
 [0.1]
 [0.1]
 [0.1]
 [0.1]
 [0.1]
 [0.1]
 [0.1]
 [0.1]
 [0.1]
 [0.1]
 [0.1]
 [0.1]
 [0.1]
 [0.1]
 [0.1]
 [0.1]
 [0.1]
 [0.1]
 [0.1]
 [0.1]
 [0.1]
 [0.1]
 [0.1]
 [0.1]
 [0.1]],1714661600.7797492
test2,1,1714661600.7797492
test3,1.,1714661602.7806542
test4,[42  1],1714661605.7815444
test1 ,[[0.05]
 [0.05]
 [0.05]
 [0.05]
 [0.05]
 [0.05]
 [0.05]
 [0.05]
 [0.05]
 [0.05]
 [0.05]
 [0.05]
 [0.05]
 [0.05]
 [0.05]
 [0.05]
 [0.05]
 [0.05]
 [0.05]
 [0.05]
 [0.05]
 [0.05]
 [0.05]
 [0.05]
 [0.05]
 [0.05]
 [0.05]
 [0.05]
 [0.05]
 [0.05]
 [0.05]
 [0.05]
 [0.05]
 [0.05]
 [0.05]
 [0.05]
 [0.05]
 [0.05]
 [0.05]
 [0.05]
 [0.05]
 [0.05]],1714661607.7820206
test2,2,1714661607.7825234
test3,0.25,1714661609.7831607
test4,[42  1],1714661612.7837243
test1 ,[[0.03333333]
 [0.03333333]
 [0.03333333]
 [0.03333333]
 [0.03333333]
 [0.03333333]
 [0.03333333]
 [0.03333333]
 [0.03333333]
 [0.03333333]
 [0.03333333]
 [0.03333333]
 [0.03333333]
 [0.03333333]
 [0.03333333]
 [0.03333333]
 [0.03333333]
 [0.03333333]
 [0.03333333]
 [0.03333333]
 [0.03333333]
 [0.03333333]
 [0.03333333]
 [0.03333333]
 [0.03333333]
 [0.03333333]
 [0.03333333]
 [0.03333333]
 [0.03333333]
 [0.03333333]
 [0.03333333]
 [0.03333333]
 [0.03333333]
 [0.03333333]
 [0.03333333]
 [0.03333333]
 [0.03333333]
 [0.03333333]
 [0.03333333]
 [0.03333333]
 [0.03333333]
 [0.03333333]],1714661614.7842464
test2,3,1714661614.7847502
test3,0.11111111,1714661616.785541
test4,[42  1],1714661619.785981
test1 ,[[0.025]
 [0.025]
 [0.025]
 [0.025]
 [0.025]
 [0.025]
 [0.025]
 [0.025]
 [0.025]
 [0.025]
 [0.025]
 [0.025]
 [0.025]
 [0.025]
 [0.025]
 [0.025]
 [0.025]
 [0.025]
 [0.025]
 [0.025]
 [0.025]
 [0.025]
 [0.025]
 [0.025]
 [0.025]
 [0.025]
 [0.025]
 [0.025]
 [0.025]
 [0.025]
 [0.025]
 [0.025]
 [0.025]
 [0.025]
 [0.025]
 [0.025]
 [0.025]
 [0.025]
 [0.025]
 [0.025]
 [0.025]
 [0.025]],1714661621.7863774
test2,4,1714661621.7863774
test3,0.0625,1714661623.7877405
test4,[42  1],1714661626.7881515
test1 ,[[0.02]
 [0.02]
 [0.02]
 [0.02]
 [0.02]
 [0.02]
 [0.02]
 [0.02]
 [0.02]
 [0.02]
 [0.02]
 [0.02]
 [0.02]
 [0.02]
 [0.02]
 [0.02]
 [0.02]
 [0.02]
 [0.02]
 [0.02]
 [0.02]
 [0.02]
 [0.02]
 [0.02]
 [0.02]
 [0.02]
 [0.02]
 [0.02]
 [0.02]
 [0.02]
 [0.02]
 [0.02]
 [0.02]
 [0.02]
 [0.02]
 [0.02]
 [0.02]
 [0.02]
 [0.02]
 [0.02]
 [0.02]
 [0.02]],1714661628.788918
test2,5,1714661628.789421
test3,0.04,1714661630.7899525
test4,[42  1],1714661633.790728
test5,0.001,1714661635.7914066
