ID,Data,Time
test1 ,[[0.1]
 [0.1]
 [0.1]
 [0.1]
 [0.1]
 [0.1]
 [0.1]
 [0.1]
 [0.1]
 [0.1]
 [0.1]
 [0.1]
 [0.1]
 [0.1]
 [0.1]
 [0.1]
 [0.1]
 [0.1]
 [0.1]
 [0.1]
 [0.1]
 [0.1]
 [0.1]
 [0.1]
 [0.1]
 [0.1]
 [0.1]
 [0.1]
 [0.1]
 [0.1]
 [0.1]
 [0.1]
 [0.1]
 [0.1]
 [0.1]
 [0.1]
 [0.1]
 [0.1]
 [0.1]
 [0.1]
 [0.1]
 [0.1]],1714661805.5161157
test2,1,1714661805.5161157
test3,1.,1714661807.5175242
test4,[42  1],1714661810.518346
test1 ,[[0.05]
 [0.05]
 [0.05]
 [0.05]
 [0.05]
 [0.05]
 [0.05]
 [0.05]
 [0.05]
 [0.05]
 [0.05]
 [0.05]
 [0.05]
 [0.05]
 [0.05]
 [0.05]
 [0.05]
 [0.05]
 [0.05]
 [0.05]
 [0.05]
 [0.05]
 [0.05]
 [0.05]
 [0.05]
 [0.05]
 [0.05]
 [0.05]
 [0.05]
 [0.05]
 [0.05]
 [0.05]
 [0.05]
 [0.05]
 [0.05]
 [0.05]
 [0.05]
 [0.05]
 [0.05]
 [0.05]
 [0.05]
 [0.05]],1714661812.5190754
test2,2,1714661812.5201225
test3,0.25,1714661814.5213177
test4,[42  1],1714661817.5218894
test1 ,[[0.03333333]
 [0.03333333]
 [0.03333333]
 [0.03333333]
 [0.03333333]
 [0.03333333]
 [0.03333333]
 [0.03333333]
 [0.03333333]
 [0.03333333]
 [0.03333333]
 [0.03333333]
 [0.03333333]
 [0.03333333]
 [0.03333333]
 [0.03333333]
 [0.03333333]
 [0.03333333]
 [0.03333333]
 [0.03333333]
 [0.03333333]
 [0.03333333]
 [0.03333333]
 [0.03333333]
 [0.03333333]
 [0.03333333]
 [0.03333333]
 [0.03333333]
 [0.03333333]
 [0.03333333]
 [0.03333333]
 [0.03333333]
 [0.03333333]
 [0.03333333]
 [0.03333333]
 [0.03333333]
 [0.03333333]
 [0.03333333]
 [0.03333333]
 [0.03333333]
 [0.03333333]
 [0.03333333]],1714661819.5225415
test2,3,1714661819.5230749
test3,0.11111111,1714661821.5243182
test4,[42  1],1714661824.525278
test1 ,[[0.025]
 [0.025]
 [0.025]
 [0.025]
 [0.025]
 [0.025]
 [0.025]
 [0.025]
 [0.025]
 [0.025]
 [0.025]
 [0.025]
 [0.025]
 [0.025]
 [0.025]
 [0.025]
 [0.025]
 [0.025]
 [0.025]
 [0.025]
 [0.025]
 [0.025]
 [0.025]
 [0.025]
 [0.025]
 [0.025]
 [0.025]
 [0.025]
 [0.025]
 [0.025]
 [0.025]
 [0.025]
 [0.025]
 [0.025]
 [0.025]
 [0.025]
 [0.025]
 [0.025]
 [0.025]
 [0.025]
 [0.025]
 [0.025]],1714661826.5261803
test2,4,1714661826.526718
test3,0.0625,1714661828.5276797
test4,[42  1],1714661831.5282102
test1 ,[[0.02]
 [0.02]
 [0.02]
 [0.02]
 [0.02]
 [0.02]
 [0.02]
 [0.02]
 [0.02]
 [0.02]
 [0.02]
 [0.02]
 [0.02]
 [0.02]
 [0.02]
 [0.02]
 [0.02]
 [0.02]
 [0.02]
 [0.02]
 [0.02]
 [0.02]
 [0.02]
 [0.02]
 [0.02]
 [0.02]
 [0.02]
 [0.02]
 [0.02]
 [0.02]
 [0.02]
 [0.02]
 [0.02]
 [0.02]
 [0.02]
 [0.02]
 [0.02]
 [0.02]
 [0.02]
 [0.02]
 [0.02]
 [0.02]],1714661833.5289662
test2,5,1714661833.5289662
test3,0.04,1714661835.5299642
test4,[42  1],1714661838.5307097
test5,0.001,1714661840.5312774
